0.18022
1.61286
0.00713
0.00836
0.02034
3.08601
0.87869
0.91439
0.87869
0.6091
0.05908
0.99921
0.13152
0.09953
1.04262
0.73388
0.05193
0.47892
0.23129
0.4323
0.10545
0.43966
0.06009
0.0228
0.26503
0.10545
0.43966
0.06009
0.0228
0.05776
0.13171
0.06009
0.0228
0.23157
0.04078
0.05804
0.04183
0.13171
0.04078
0.05804
0.000409999999999
0.0
0.00175
0.03004
0.05348
0.000409999999999
0.0
0.00175
1.99999999992e-05
0.03895
0.03261
0.000409999999999
0.00451
0.01266
0.00667
0.00359
0.05203
0.00353
0.05099
0.00434
0.01319
0.000919999999997
0.000409999999999
0.000830000000004
0.000919999999997
0.00127
0.01143
0.0061
0.00219
0.00916
0.000919999999997
0.000359999999997
0.01091
0.03261
0.00424
0.00352
0.00982
0.00667
0.01091
0.04471
0.00981
0.04471
0.00434
0.0824
0.26508
0.10905
0.07132
0.00713
0.44045
0.26508
0.10905
0.07132
0.01415
0.21781
0.20353
0.01415
0.04241
0.08409
0.44676
0.23129
0.4323
0.10545
1.46742
1.26473
0.43579
0.32635
0.51752
0.74008
0.4323
0.6052
0.09443
0.53112
0.17176
0.15147
0.12859
0.0
0.0
0.0
0.08568
0.0
0.0
0.0
0.0
0.04113
0.03261
0.0
0.00492
0.01266
0.01026
0.05203
0.00353
0.05099
0.00434
0.01319
0.0536
0.28407
0.47857
0.0
0.0
0.0
0.12681
0.08242
0.00324
0.15578
0.61979
0.28006
0.07132
0.05647
0.28006
0.33482
0.28006
0.000979999999998
0.00681
0.00548
0.00925
0.00119
0.00033
0.00423
0.02348
0.00592
0.04107
0.000210000000001
0.00055
0.02443
0.00468
0.05083
0.52654
0.41233
0.20353
0.07132
0.48348
0.46793
0.01229
0.04538
0.04107
0.01229
0.00925
0.00365
0.0873
0.07294
0.13989
0.0884
0.01125
0.04642
0.04107
0.03993
0.03342
0.02961
0.02933
0.04048
0.01964
0.04313
0.04107
0.02564
0.00224
0.06233
0.03566
0.05045
0.02564
0.00715
0.02005
0.01388
0.02102
0.02039
0.01388
0.02102
0.01068
0.01215
0.00715
0.01736
0.03078
0.00663
0.05132
0.05825
0.02564
0.04108
0.02195
0.01068
0.01659
0.02007
0.03078
0.01659
0.00401
0.00262
0.03078
0.00807
0.0099
0.00401
0.0031
0.0086
0.00937
0.0086
4.99999999999e-05
0.00562
0.01329
0.01227
0.01185
0.00807
0.0099
0.01681
0.00401
0.00623
0.00632
0.00903
0.00894
0.01165
0.01522
0.00433
0.00401
0.03245
0.02508
0.0086
0.00413
0.02508
0.0086
0.00129
0.0086
0.0138
0.02508
0.01144
0.0086
0.0069
0.01801
0.02508
0.0086
4.99999999999e-05
0.0035
0.00824
4.99999999999e-05
0.00987
0.0078
0.03154
0.0
0.01212
0.02508
0.0086
0.00085
0.00789
0.01936
0.022
0.0086
0.02749
0.02508
0.01261
0.02508
0.0086
0.0307
0.02508
0.01903
0.01788
0.0086
0.00336
0.01377
0.0086
0.00723
0.08298
0.02508
0.0086
0.02093
